0.001 3.33249e-05 1.10567e-05 1.10724e-05 1.11957e-05 (count: 9.995e+06)
0.002 0.000133297 4.42262e-05 4.4289e-05 4.47822e-05 (count: 9.995e+06)
0.003 0.000299911 9.95062e-05 9.96475e-05 0.000100757 (count: 9.995e+06)
0.004 0.000533155 0.000176893 0.000177144 0.000179117 (count: 9.995e+06)
0.005 0.000833013 0.000276382 0.000276774 0.000279857 (count: 9.995e+06)
0.006 0.00119947 0.000397966 0.000398531 0.00040297 (count: 9.995e+06)
0.007 0.00163249 0.000541638 0.000542406 0.000548448 (count: 9.99499e+06)
0.008 0.00213206 0.000707387 0.00070839 0.000716282 (count: 9.99499e+06)
0.009 0.00269814 0.000895204 0.000896472 0.000906461 (count: 9.99499e+06)
0.01 0.00333069 0.00110507 0.00110664 0.00111897 (count: 9.99499e+06)
0.011 0.00402967 0.00133699 0.00133888 0.0013538 (count: 9.99499e+06)
0.012 0.00479504 0.00159093 0.00159318 0.00161094 (count: 9.99499e+06)
0.013 0.00562675 0.00186688 0.00186952 0.00189036 (count: 9.99499e+06)
0.014 0.00652474 0.00216482 0.00216788 0.00219205 (count: 9.99499e+06)
0.015 0.00748896 0.00248473 0.00248824 0.00251599 (count: 9.99499e+06)
0.016 0.00851935 0.0028266 0.00283058 0.00286217 (count: 9.99498e+06)
0.017 0.00961583 0.00319039 0.00319489 0.00323055 (count: 9.99498e+06)
0.018 0.0107783 0.0035761 0.00358114 0.00362111 (count: 9.99498e+06)
0.019 0.0120068 0.00398369 0.00398929 0.00403384 (count: 9.99498e+06)
0.02 0.0133012 0.00441313 0.00441934 0.0044687 (count: 9.99498e+06)
0.021 0.0146613 0.00486441 0.00487124 0.00492567 (count: 9.99498e+06)
0.022 0.0160872 0.00533749 0.00534498 0.00540472 (count: 9.99498e+06)
0.023 0.0175787 0.00583235 0.00584052 0.00590582 (count: 9.99498e+06)
0.024 0.0191357 0.00634894 0.00635783 0.00642894 (count: 9.99498e+06)
0.025 0.0207582 0.00688725 0.00689689 0.00697405 (count: 399799)
0.05 0.0822469 0.027288 0.0273246 0.0276344 (count: 399798)
0.075 0.182401 0.0605162 0.0605925 0.0612927 (count: 399797)
0.1 0.318426 0.105643 0.105767 0.107016 (count: 399796)
0.125 0.487242 0.161646 0.161819 0.163777 (count: 399795)
0.15 0.68577 0.2275 0.227724 0.230546 (count: 399794)
0.175 0.911083 0.302231 0.302505 0.306347 (count: 399793)
0.2 1.16049 0.384942 0.385267 0.390277 (count: 399792)
0.225 1.43154 0.474822 0.475203 0.481519 (count: 399791)
0.25 1.72208 0.571147 0.571589 0.579341 (count: 399790)
0.275 2.03016 0.673277 0.673788 0.683095 (count: 399789)
0.3 2.35409 0.780646 0.781235 0.792204 (count: 399788)
0.325 2.69234 0.892755 0.893432 0.906158 (count: 399787)
0.35 3.0436 1.00916 1.00993 1.0245 (count: 399786)
0.375 3.40666 1.12947 1.13035 1.14684 (count: 399785)
0.4 3.78045 1.25332 1.25433 1.2728 (count: 399784)
0.425 4.16403 1.38039 1.38156 1.40208 (count: 399783)
0.45 4.55652 1.51038 1.51177 1.53437 (count: 399782)
0.475 4.95716 1.64304 1.64469 1.66943 (count: 399781)
0.5 5.36524 1.77813 1.7801 1.80701 (count: 399780)
0.525 5.78013 1.91542 1.91781 1.94691 (count: 399779)
0.55 6.20126 2.05472 2.05762 2.08891 (count: 399778)
0.575 6.6281 2.19587 2.19937 2.23286 (count: 399777)
0.6 7.06019 2.3387 2.34293 2.37856 (count: 399776)
0.625 7.52051 2.49355 2.48864 2.53831 (count: 15991)
1.25 19.239 6.33598 6.4066 6.49644 (count: 15990)
1.875 31.4104 10.3191 10.5057 10.5856 (count: 15989)
2.5 43.6502 14.3231 14.6893 14.6378 (count: 15988)
3.125 55.797 18.2952 18.8811 18.6207 (count: 15987)
3.75 67.8285 22.2178 23.0609 22.5499 (count: 15986)
4.375 79.7009 26.1286 27.133 26.4394 (count: 15985)
5 91.5155 30.0192 31.1632 30.3331 (count: 15984)
5.625 103.316 33.9444 35.1461 34.2258 (count: 15983)
6.25 115.181 37.8747 39.1369 38.1691 (count: 15982)
6.875 127.123 41.7717 43.1797 42.1716 (count: 15981)
7.5 138.964 45.5865 47.196 46.1812 (count: 15980)
8.125 150.712 49.3434 51.194 50.1745 (count: 15979)
8.75 162.46 53.1007 55.2183 54.1407 (count: 15978)
9.375 174.246 56.9213 59.2205 58.1041 (count: 15977)
10 186.011 60.7971 63.1413 62.0725 (count: 15976)
10.625 197.682 64.6442 67.0106 66.0276 (count: 15975)
11.25 209.289 68.4695 70.8557 69.9639 (count: 15974)
11.875 220.846 72.2966 74.6408 73.9082 (count: 15973)
12.5 232.422 76.1131 78.4714 77.8375 (count: 15972)
13.125 244.082 79.9542 82.3728 81.7545 (count: 15971)
13.75 255.816 83.8203 86.3421 85.6536 (count: 15970)
14.375 267.577 87.6897 90.3194 89.5683 (count: 15969)
15 279.337 91.5802 94.2799 93.4768 (count: 15968)
15.625 292.961 98.2821 94.7502 99.9287 (count: 638)
31.25 607.99 198.747 207.12 202.123 (count: 637)
46.875 948.369 299.415 337.527 311.427 (count: 636)
62.5 1317.12 411.88 477.791 427.449 (count: 635)
78.125 1685.55 517.574 630.992 536.986 (count: 634)
93.75 2050.6 618.044 801.23 631.327 (count: 633)
109.375 2437.38 735.03 972.005 730.346 (count: 632)
125 2822.78 846.221 1151.23 825.335 (count: 631)
140.625 3212.73 955.379 1343.11 914.245 (count: 630)
156.25 3623.49 1065.92 1553.79 1003.78 (count: 629)
171.875 4023.6 1166.46 1769.9 1087.23 (count: 628)
187.5 4424.84 1271.07 1995.41 1158.36 (count: 627)
203.125 4850.28 1383.8 2223.09 1243.39 (count: 626)
218.75 5272.92 1504.31 2451.89 1316.72 (count: 625)
234.375 5728.13 1643.13 2694.34 1390.66 (count: 624)
250 6211.76 1783.77 2953.08 1474.91 (count: 623)
265.625 6696.87 1917.32 3218.39 1561.15 (count: 622)
281.25 7167.31 2048.55 3480.67 1638.08 (count: 621)
296.875 7631.78 2164.93 3744.55 1722.3 (count: 620)
312.5 8082.54 2269.34 4012.87 1800.33 (count: 619)
328.125 8550.55 2379.42 4292.32 1878.81 (count: 618)
343.75 9026.22 2483.49 4573.81 1968.91 (count: 617)
359.375 9503.83 2571.71 4862.97 2069.15 (count: 616)
375 9990.28 2665.14 5156.05 2169.1 (count: 615)
390.625 10327.8 3045.27 4684.62 2597.9 (count: 24)
781.25 23420.7 5589.35 12697.9 5133.46 (count: 23)
1171.88 37239.7 6359.29 23528.9 7351.51 (count: 22)
1562.5 50804.9 7318.33 33405.5 10081.2 (count: 21)
1953.12 65656.1 11250 40809.1 13597 (count: 20)
2343.75 74612.6 12241.1 47150.7 15220.8 (count: 19)
2734.38 79003.2 10656.4 53511.8 14834.9 (count: 18)
3125 85455.1 9264.27 62717.6 13473.3 (count: 17)
3515.62 97988.4 11244.7 72862.6 13881.1 (count: 16)
3906.25 112648 13213.6 87549.7 11884.4 (count: 15)
4296.88 124547 14804.7 97254.6 12488 (count: 14)
4687.5 138391 17536.1 106216 14638.7 (count: 13)
5078.12 146330 24039.4 104007 18284.3 (count: 12)
5468.75 151227 29030.1 100804 21392.7 (count: 11)
5859.38 160102 31060.8 99625.2 29415.7 (count: 10)
6250 171680 33215.2 103078 35386.5 (count: 9)
6640.62 189919 37109.9 115358 37451.4 (count: 8)
7031.25 206851 35309 135045 36497.7 (count: 7)
7421.88 239049 34380.2 168782 35886.5 (count: 6)
7812.5 292826 40868.7 216257 35699.5 (count: 5)
8203.12 345466 46948.9 269582 28935.7 (count: 4)
8593.75 390946 60389.6 306084 24471.6 (count: 3)
8984.38 385068 73504.1 285351 26212.9 (count: 2)
9375 395773 89794.9 280617 25361.5 (count: 1)
